26 30
0 input input 0 0
1 conv1 conv1 4840 1
2 data data 1000 2
3 norm1 norm1 770 2
4 pool1 pool1 450 3
5 pool1_s0 pool1_s0 50 4
6 pool1_s1 pool1_s1 50 4
7 conv2_p0 conv2_p0 6170 5
8 conv2_p1 conv2_p1 6110 5
9 norm2 norm2 510 6
10 pool2 pool2 270 7
11 conv3 conv3 8210 8
12 conv3_s0 conv3_s0 40 9
13 conv3_s1 conv3_s1 40 9
14 conv4_p0 conv4_p0 3340 10
15 conv4_p1 conv4_p1 3300 10
16 conv4_p0_s0 conv4_p0_s0 50 11
17 conv4_p0_s1 conv4_p0_s1 50 11
18 conv5_p0 conv5_p0 2700 12
19 conv5_p1 conv5_p1 2630 12
20 pool5 pool5 90 13
21 fc6 fc6 33630 14
22 fc7 fc7 15030 15
23 fc8 fc8 2970 16
24 prob prob 200 17
25 output output 0 18
0 1 0
0 2 0
1 25 7394830
2 3 79547800
3 4 722180
4 5 1235370
4 7 1235370
5 6 1371010
6 9 1400040
7 8 589700
8 9 595320
9 10 696850
10 11 1316680
11 12 296040
11 14 296040
12 13 1558250
13 16 1411480
13 18 1411480
14 15 523740
15 16 529660
15 18 529660
16 17 1332590
17 20 1324140
18 19 568870
19 20 583740
20 21 915840
21 22 2141180
22 23 2130020
23 24 2631540
24 25 9480
