18 18
0 input input 0 0
1 scale1 scale1 8850 1
2 data data 1000 2
3 pool1 pool1 7750 2
4 scale2 scale2 15650 3
5 pool2 pool2 3300 4
6 scale3 scale3 10540 5
7 pool3 pool3 1590 6
8 scale4 scale4 8760 7
9 pool4 pool4 800 8
10 scale5 scale5 11240 9
11 pool5 pool5 410 10
12 scale6 scale6 9210 11
13 pool6 pool6 210 12
14 scale7 scale7 12060 13
15 scale8 scale8 9310 14
16 fc9 fc9 16460 15
17 output output 0 16
0 1 0
0 2 0
1 17 1168130
2 3 308583000
3 4 790030
4 5 881570
5 6 928010
6 7 657540
7 8 960800
8 9 409360
9 10 951830
10 11 203320
11 12 925600
12 13 337710
13 14 891180
14 15 782170
15 16 576180
16 17 2138700
